loc_l:
(
array([12, 12, 12, 12, 12, 13, 13, 13, 13, 13, 13, 13, 14, 14, 14, 14, 14,
       14, 14, 14, 14, 15, 15, 15, 15, 15, 15, 15, 15, 15, 16, 16, 16, 16,
       16, 16, 16, 16, 16, 17, 17, 17, 17, 17, 17, 17, 18, 18, 18, 18, 18]),
array([22, 23, 24, 25, 26, 21, 22, 23, 24, 25, 26, 27, 20, 21, 22, 23, 24,
       25, 26, 27, 28, 20, 21, 22, 23, 24, 25, 26, 27, 28, 20, 21, 22, 23,
       24, 25, 26, 27, 28, 21, 22, 23, 24, 25, 26, 27, 22, 23, 24, 25, 26])
       )

loc_r:
(
array([107, 107, 107, 108, 108, 108, 108, 109, 109, 109, 110, 110]),
array([914, 915, 916, 914, 915, 916, 917, 914, 915, 916, 914, 915])
)